377
058
058
448
100
477
100
092
513
181
058
130
444
532
058
058
375
058
375
532
444
058
058
058
444
444
058
058
058
058
058
058
058
058
058
444
444
058
444
058
444
444
058
486
058
058
058
058
486
444
448
058
532
486
532
532
448
444
260
375
058
058
534
058
444
058
486
058
058
444
058
486
058
058
058
444
058
058
579
058
444
058
058
444
058
058
058
532
181
058
532
444
058
532
467
181
058
532
467
058
375
532
467
058
058
444
444
058
058
181
532
058
059
058
181
058
444
058
444
057
058
058
058
145
058
444
203
058
058
058
058
058
058
182
667
058
534
058
058
058
058
467
311
057
